3.373915382761954462e-01 7.350494346347170860e-02 5.783534517617325399e+00
3.014371008984084374e-02 6.699521729307272855e-01 6.720411493098566780e+00
4.775280940036286115e-01 1.047416952410019420e+00 1.376799581048631760e+00
3.148981434885670949e-01 1.509630445479270389e+00 2.316592876610535701e+00
4.988427928805719280e-01 1.558329851603758476e+00 7.937625523857026799e+00
1.137226905816483419e-01 1.789843321232928330e+00 6.513210883105415405e+00
2.082181489272742769e-01 2.484683456380354372e+00 1.890377074117378930e-01
1.172937104942321646e-01 2.130115964772988590e+00 1.319068989736611242e+00
1.373526319029729215e-01 2.894379051490422405e+00 6.563019889104658056e+00
1.886581689472673351e-01 3.177518766746985523e+00 7.636625078352403229e+00
6.810271261614472826e-03 4.493605112391724887e+00 8.017281351870488848e+00
2.670372278454455003e-02 5.126309731758161625e+00 5.202417328922477324e-01
4.330568301092300731e-01 4.748378272878715833e+00 1.469147064255791113e+00
2.766175962241831932e-01 5.013280763869922829e+00 7.105874786000384802e+00
4.668424217361107353e-01 6.135585957787712097e+00 2.933140325072028376e-01
1.219205069163853822e-01 5.829167811512244946e+00 1.280129105363154496e+00
1.283340638504798792e-01 6.368722024847486729e+00 2.158598312288705134e+00
2.337025709585174305e-01 7.003725862494356136e+00 3.027965177263514107e+00
4.005027158989500347e-01 7.704762134454674616e+00 9.604253284067982843e-01
3.683008147985016856e-01 7.362729393158491398e+00 1.980473624534567101e+00
4.768973611099460164e-01 7.870889728784209893e+00 3.680599489808957792e+00
6.813165249503030374e-01 4.912603619248825937e-02 1.795517640820404770e+00
6.322347676515425174e-01 5.034866785048838222e-01 2.798535416648327168e+00
1.030029813251150728e+00 2.388879248020376322e-01 6.626527368664062223e+00
7.488076744317303524e-01 3.937950314427954290e-01 7.656444964932293651e+00
7.030643777010394668e-01 5.923488378738285265e-01 3.542855916594238597e-01
8.731925857479438946e-01 5.523935917841790166e-01 3.846481590725140620e+00
7.134233595516620285e-01 6.702438953740874616e-01 4.915862826575599698e+00
9.083088279097967233e-01 1.490349858323308352e+00 3.224078590893810325e+00
7.253007233122558128e-01 1.083032287137530192e+00 5.935395019786222193e+00
8.963186327622519878e-01 1.266330074443919651e+00 7.005602829557452615e+00
7.934836766835490218e-01 1.693958032312600670e+00 6.061807481279966048e-01
8.128281193885479317e-01 2.344299653053196320e+00 7.236832056806048463e+00
1.008233608461921227e+00 2.710236555083988197e+00 9.371268069648084342e-01
1.006024221200163105e+00 3.362868321992335208e+00 5.229451137354075574e-02
5.272463009579519966e-01 3.643099974623627446e+00 1.213299335847432658e+00
8.585042378175041788e-01 4.080124097332016753e+00 7.548275888738378292e+00
7.845644803082922891e-01 4.365048362587446107e+00 4.364148909452412739e-01
9.546189005869720745e-01 5.682326227727345191e+00 1.954103823348531277e+00
8.261265767532187665e-01 5.218973631241463629e+00 8.064915536972826260e+00
6.340358270609520730e-01 5.945868956410428119e+00 3.021200803593983242e+00
8.182719311079459379e-01 6.656406272375588351e+00 1.275253993561539900e+00
9.666965906437172684e-01 7.787143976195173067e+00 2.727431379249704690e+00
9.699263871434944395e-01 7.858444260836388473e+00 2.207407396916870324e-02
1.432814909620598209e+00 2.393088156314860659e-01 5.624332769826169809e+00
1.470570500340058429e+00 9.591018306025322904e-01 9.852107843840794965e-01
1.302642771759739748e+00 9.455966725304709719e-01 2.081967759119329742e+00
1.520466604000337840e+00 1.287934489736833221e+00 8.237105195352000919e+00
1.134851248506860699e+00 1.911142634274257013e+00 1.656414127480331677e+00
1.191968699771399631e+00 2.033649557162643173e+00 6.250881096648018165e+00
1.283614420542483536e+00 2.342666249962307656e+00 8.203215213550345553e+00
1.060888164147638646e+00 5.399347783611270657e+00 8.495345549855581879e-01
1.139035478483026109e+00 6.700511335031992921e+00 2.409471931960320390e+00
1.225668640274140797e+00 7.006694768860473488e+00 3.472041167826451336e+00
1.411160287203838903e+00 7.492406187889534053e+00 1.731981774223805504e+00
1.370862639484596857e+00 8.242964546552833838e+00 9.697929333423366272e-01
1.536582982923843099e+00 7.966709914150464478e+00 7.419698404342319975e+00
1.802894369939161967e+00 2.785119723711902417e-01 2.753355591808194155e-02
1.759246080352998121e+00 2.086957005674252782e-02 2.292935789747605924e+00
1.717480552831027518e+00 3.476085252152567029e-01 4.553778115975220864e+00
1.683984009320503628e+00 7.414791375621498926e-01 3.129464446990773308e+00
1.730460823548471305e+00 6.865621125869300068e-01 7.338357580165578042e+00
1.602353296146127093e+00 1.338410758201987960e+00 4.097939339120411084e+00
1.590649172473959316e+00 1.267227006565180059e+00 5.242767451538782986e+00
1.726414980385448938e+00 1.079195466259291969e+00 6.327285277853374801e+00
1.788882808844745709e+00 1.961552657449973758e+00 7.450633768043680716e-01
1.783870064467176775e+00 1.776557448380739590e+00 2.615975523505334799e+00
1.807043220828287167e+00 1.785357644009960110e+00 7.283492020211431495e+00
1.999405842964850244e+00 2.582981086196250775e+00 1.611825874817403692e+00
1.990935170274525268e+00 2.987425621365055406e+00 5.034848153241940905e-01
1.971920825507465169e+00 7.381938095437888592e+00 2.738678523533005560e+00
1.576911033770404424e+00 8.080658368625543986e+00 3.571664291566778449e+00
2.280477969975633012e+00 3.973959829987345760e-01 1.424522515346010820e+00
2.095332147407455103e+00 4.083035032859420876e-02 6.508619947170553033e+00
2.568192739574829631e+00 3.175707536879747439e-02 7.531129787695293842e+00
2.490467732236429477e+00 8.845634507714201789e-01 2.419616398743673180e+00
2.458741875116416953e+00 6.512279346237267452e-01 5.632976348677346756e+00
2.474043602402828945e+00 1.123796444167515896e+00 6.036728394520953778e-01
2.131705713754040499e+00 1.478624927886174723e+00 1.615462599348684858e+00
2.569661292069211456e+00 1.087517436311038033e+00 7.863272305021277830e+00
2.379775128746100865e+00 2.107121822583980286e+00 8.208370767107625809e+00
2.523891788949137904e+00 8.320565752092788259e+00 3.078126262148896064e+00
2.695071131455612168e+00 9.106528302972080047e-01 6.791497333907674516e+00
2.823114606663949644e+00 2.019071926604736777e+00 2.205623970444398285e+00
2.820642339824821487e+00 2.116535985454420565e+00 1.012634392022045082e+00
3.142956027939342256e+00 1.145328366023702360e+00 1.519090434102573939e+00
6.624790448533169673e+00 2.337392283661849479e+00 1.122445518207842580e-01
6.654357030196159428e+00 3.222570907411467456e+00 7.780917247172485673e+00
6.576635393005464181e+00 4.311354694659155662e+00 7.961843967872122008e+00
7.180203224859755373e+00 3.559460387907945611e-01 1.340023462697799816e+00
6.948817193048472340e+00 2.238540780556614873e+00 7.369385823563904481e+00
7.145067037203181926e+00 3.605213813303364656e+00 4.822684333113115840e-01
6.962294883288208780e+00 3.985342886475227164e+00 6.948300783555244386e+00
7.398930854265259427e+00 5.244481945441833437e-01 2.599354200372618884e-01
7.725792209819974943e+00 1.311785191961954533e+00 1.415144594917310483e+00
7.522993789380550744e+00 1.352928473206749693e+00 7.010345246971682265e+00
7.420230028542340150e+00 1.598820712553222112e+00 8.101933845995313632e+00
7.545244890360912393e+00 2.124131377730573700e+00 7.034820692041144907e-01
7.493168486155328267e+00 2.282161067356707651e+00 6.399862430908763500e+00
7.556328928413068802e+00 3.086444316783151454e+00 7.113798575683267345e+00
7.577071002775047859e+00 2.794094414494354695e+00 8.181304418831306435e+00
7.553002993914142316e+00 3.839960730109780229e+00 7.869638964835184325e+00
7.407842848838336991e+00 4.742740302657385776e+00 2.037433543039707529e-01
7.480850377999834322e+00 4.827643411596453937e+00 7.411270959482395781e+00
7.570211683563035976e+00 5.213080566509333380e+00 1.284869600386603139e+00
7.712367132394303937e+00 6.051511830755664789e+00 5.215537959479568109e-01
7.671635123489132013e+00 7.058224557128128573e+00 2.364620950557681844e+00
7.559214651900859394e+00 7.793873047308573554e+00 6.699439219176124283e-01
8.196709431726462824e+00 3.024777219889220325e-01 9.846424859702281873e-01
8.096310883805330150e+00 5.578694815312140731e-01 2.086236217627788214e+00
8.086825865560832938e+00 8.111582380444143370e-01 7.775415632094766494e+00
8.177746462115576875e+00 1.270706663339387532e+00 4.485278036635835242e-01
8.085496309682653759e+00 2.182410458012814747e+00 7.459636135377184729e+00
7.903752179719394810e+00 3.072250838471252354e+00 1.109595673400465499e+00
8.306144378708420817e+00 3.578651144494318537e+00 2.609230223925537717e-01
8.168363628831517786e+00 3.998854934753548473e+00 6.993545003740806010e+00
7.920044825105439834e+00 4.208642927114967236e+00 1.022070794410312677e+00
8.249533253480096917e+00 5.320179537905906919e+00 2.261772407065466339e+00
8.105921452128376004e+00 5.594316443601510258e+00 7.922235283691817287e+00
7.854727600205376525e+00 6.115938371676211460e+00 3.006626491312749838e+00
8.274921017548200197e+00 7.095781403204215465e+00 1.767166949268256515e-01
8.039163357719186109e+00 6.876538529910098951e+00 1.236513560529543643e+00
7.847744733232933534e+00 7.900078864086067298e+00 1.698193759949675252e+00
8.219968923693363294e+00 8.006577591181262221e+00 2.730177293922032788e+00
8.290456018928328064e+00 8.210366021930035174e+00 8.306596762374798715e+00
